4294967278,293
4294967279,292
4294967278,292
20,5
20,4
20,3
20,2
20,1
4294967279,291
19,4
19,3
19,2
19,1
4294967279,290
18,4
18,3
18,2
18,1
4294967279,289
17,5
17,4
17,3
17,2
17,1
4294967278,291
16,4
16,3
16,2
16,1
4294967278,290
15,4
15,3
15,2
15,1
4294967278,289
14,4
14,3
14,2
14,1
4294967278,288
13,4
13,3
13,2
13,1
4294967278,287
4294967294,1413
4294967294,436
12,4
12,3
12,2
12,1
4294967278,286
11,4
11,3
11,2
11,1
4294967278,285
4294967294,470
10,4
10,3
10,2
10,1
4294967278,284
9,4
9,3
9,2
9,1
4294967278,283
4294967294,972
8,5
8,4
8,3
8,2
8,1
4294967279,288
4294967294,1412
4294967294,1411
4294967294,1410
4294967294,1409
7,5
7,4
7,3
7,2
7,1
4294967278,282
4294967294,187
4294967294,83
6,5
6,4
6,3
6,2
6,1
4294967278,281
5,4
5,3
5,2
5,1
4294967278,280
4294967279,287
4294967279,286
4,4
4,3
4,2
4,1
3,5
3,4
3,3
3,2
3,1
2,4
4294967278,275
2,3
2,2
2,1
4294967294,469
4294967279,277
4294967293,131
4294967293,130
4294967293,129
4294967293,128
4294967293,127
4294967293,126
4294967293,125
4294967293,124
4294967293,123
4294967293,122
4294967293,121
4294967293,120
4294967293,119
4294967293,118
4294967293,117
4294967293,116
4294967293,115
4294967293,114
4294967293,113
4294967293,112
4294967293,111
4294967293,110
4294967293,109
4294967293,108
4294967293,107
4294967293,106
4294967293,105
4294967293,104
4294967293,103
4294967293,102
4294967293,101
4294967293,100
4294967293,99
4294967293,98
4294967293,97
4294967293,96
4294967293,95
4294967293,94
4294967293,93
4294967293,92
4294967293,91
4294967293,90
4294967293,89
4294967293,88
4294967293,87
4294967293,86
4294967293,85
4294967293,84
4294967293,83
4294967293,82
4294967293,81
4294967293,80
4294967293,79
4294967293,78
4294967293,77
4294967293,76
4294967293,75
4294967293,74
4294967293,73
4294967293,72
4294967293,71
4294967293,70
4294967293,69
4294967293,68
4294967293,67
4294967293,66
4294967293,65
4294967293,64
4294967293,63
4294967293,62
4294967293,61
4294967293,60
4294967293,59
4294967293,58
4294967293,57
4294967293,56
4294967293,55
4294967293,54
4294967293,53
4294967293,52
4294967293,51
4294967293,50
4294967293,49
4294967293,48
4294967293,47
4294967293,46
4294967293,45
4294967293,44
4294967293,43
4294967293,42
4294967293,41
4294967293,40
4294967293,39
4294967293,38
4294967293,37
4294967293,36
4294967293,35
4294967293,34
4294967293,33
4294967293,32
4294967293,31
4294967293,30
4294967293,29
4294967293,28
4294967293,27
4294967293,26
4294967293,25
4294967293,24
4294967293,23
4294967293,22
4294967293,21
4294967293,20
4294967293,19
4294967293,18
4294967293,17
4294967293,16
4294967293,15
4294967293,14
4294967293,13
4294967293,12
4294967293,11
4294967293,10
4294967293,9
4294967293,8
4294967293,7
4294967293,6
4294967293,5
4294967293,4
4294967293,3
4294967293,2
4243767290,0
4243767289,0
4243767288,0
4243767287,0
4243767286,0
4243767285,0
4243767284,0
4243767283,0
4243767282,0
4243767281,0
4294967293,0
4294967278,230
4294967278,110
4294967278,229
4294967278,228
4294967278,109
4294967278,227
4294967278,226
4294967278,108
4294967278,225
4294967278,224
4294967278,107
4294967278,223
4294967278,222
4294967278,106
4294967278,221
4294967278,220
4294967278,105
4294967278,219
4294967278,218
4294967278,104
4294967278,217
4294967278,216
4294967278,103
4294967278,215
4294967278,214
4294967278,102
4294967278,213
4294967278,101
4294967278,212
4294967278,100
